001010111001011101010000001101110000111111011100000
110110110001111100111010001001001010100111101100110
111010001100000100100001000111100011101010001011101
110011110101101001111010000110011111101110011101010
010111100010111000001101000111001110101100011110000
110000110101111111010010111110011100011100011110000
100000111001000100011111010100001101011100001001000
000111000001100111001001001101100001111010001110100
100100001101011011101101110110101010010100001101100
101011000101011101101000110001010000111110010111000
011100100001011010101011110100000011000010110110000
001000100010010111001100100110010001000110001000011
011110000111010010111111000001100111101010110010010
000010000000111110100110001001010101100000110010001
000100110100010101010011011110010100010110010010010
100101111001101111001001101010011100111000010011100
110110001101010010000111001011110100010111011011011
010001011011000010110011100101001111100010110110100
011000011101101011101010110110101111111110110010000
010100100101100000100111000100101110101111011101110
001001100110101111111101000000000000010101000100100
110010101011001000011100011001010011010001111001000
101011111010001100111101010000100101100110110001001
011101110100001001000001000010000101001010100111011
011010010101010000010011001100001110000101101011111
011011110110111110100010110010101100000110011110011
010001100101001000100100001100011100101010100111001
110010000001100000101100010000100011001001100101111
011000010001110010000011000010001111100001010100101
001110010010100001100101001101111011101100111100001
111101011010010110011100111100101110101111001100010
101000111110011011110010001011110110110000110100101
100100101111010100101110110011111100000001110010101
100111111001000001100111001111011110010011001000110
100100001010000101001000110110100111100011110011111
000000110011111111000000000010101001100011110111100
100000101001010000110011000100010011001110100101110
110100001001001001011000001100100110110001001000000
011001111110000001110100000110100101101011001001101
010101010010010010001111001100011111001001110010010
000011010000010100000001101101001101101110000111011
100110100000111110001100010101100001000010011010100
001100111101001011000001111000100110010110010110110
101110000000010001101100111110001001101000011010111
111110011001011001011101010010001001111011111001101
001010100100011001111101100100100101001000000110010
011010001000010100010110100001010100001010000010111
100101000111111110101110000010000110100100111001101
010001110010000110100011010110110011100101010110001
011001100100011011010110111101100111001000011111001
001101010100000110111001000100001101010001001111010
